# 4
wSim=5e-07 lSim=3e-06
scc=0.000250629 scb=0.00388258 sca=6.67515 sb=1.4e-07 sa=4e-07
scc=0.000250114 scb=0.00374307 sca=6.58603 sb=4e-07 sa=1.4e-07
$This is end of the device boxl file$
